         100
  -1.000000    
 -0.9797980    
 -0.9595960    
 -0.9393939    
 -0.9191919    
 -0.8989899    
 -0.8787879    
 -0.8585858    
 -0.8383839    
 -0.8181818    
 -0.7979798    
 -0.7777778    
 -0.7575758    
 -0.7373737    
 -0.7171717    
 -0.6969697    
 -0.6767677    
 -0.6565657    
 -0.6363636    
 -0.6161616    
 -0.5959596    
 -0.5757576    
 -0.5555556    
 -0.5353535    
 -0.5151515    
 -0.4949495    
 -0.4747475    
 -0.4545454    
 -0.4343435    
 -0.4141414    
 -0.3939394    
 -0.3737374    
 -0.3535354    
 -0.3333333    
 -0.3131313    
 -0.2929293    
 -0.2727273    
 -0.2525253    
 -0.2323232    
 -0.2121212    
 -0.1919192    
 -0.1717172    
 -0.1515151    
 -0.1313131    
 -0.1111111    
 -9.0909064E-02
 -7.0707083E-02
 -5.0505042E-02
 -3.0303001E-02
 -1.0101020E-02
  1.0100961E-02
  3.0303001E-02
  5.0505042E-02
  7.0707083E-02
  9.0909123E-02
  0.1111112    
  0.1313131    
  0.1515151    
  0.1717172    
  0.1919192    
  0.2121212    
  0.2323233    
  0.2525252    
  0.2727273    
  0.2929293    
  0.3131313    
  0.3333334    
  0.3535353    
  0.3737373    
  0.3939394    
  0.4141414    
  0.4343435    
  0.4545455    
  0.4747474    
  0.4949495    
  0.5151515    
  0.5353535    
  0.5555556    
  0.5757576    
  0.5959595    
  0.6161616    
  0.6363636    
  0.6565657    
  0.6767677    
  0.6969697    
  0.7171717    
  0.7373737    
  0.7575758    
  0.7777778    
  0.7979798    
  0.8181819    
  0.8383838    
  0.8585858    
  0.8787879    
  0.8989899    
  0.9191920    
  0.9393940    
  0.9595959    
  0.9797980    
   1.000000    
  -1.000000    
 -0.9406100    
 -0.8836194    
 -0.8289785    
 -0.7766379    
 -0.7265483    
 -0.6786599    
 -0.6329234    
 -0.5892895    
 -0.5477085    
 -0.5081311    
 -0.4705076    
 -0.4347886    
 -0.4009248    
 -0.3688667    
 -0.3385647    
 -0.3099695    
 -0.2830313    
 -0.2577009    
 -0.2339289    
 -0.2116657    
 -0.1908618    
 -0.1714678    
 -0.1534342    
 -0.1367114    
 -0.1212503    
 -0.1070010    
 -9.3914337E-02
 -8.1940733E-02
 -7.1030684E-02
 -6.1134756E-02
 -5.2203506E-02
 -4.4187412E-02
 -3.7037030E-02
 -3.0702913E-02
 -2.5135551E-02
 -2.0285495E-02
 -1.6103286E-02
 -1.2539433E-02
 -9.5444778E-03
 -7.0689567E-03
 -5.0633871E-03
 -3.4783075E-03
 -2.2642512E-03
 -1.3717419E-03
 -7.5131410E-04
 -3.5349946E-04
 -1.2882620E-04
 -2.7826394E-05
 -1.0306132E-06
  1.0305951E-06
  2.7826394E-05
  1.2882620E-04
  3.5349946E-04
  7.5131562E-04
  1.3717441E-03
  2.2642482E-03
  3.4783075E-03
  5.0633871E-03
  7.0689567E-03
  9.5444852E-03
  1.2539443E-02
  1.6103275E-02
  2.0285495E-02
  2.5135551E-02
  3.0702913E-02
  3.7037048E-02
  4.4187389E-02
  5.2203480E-02
  6.1134756E-02
  7.1030684E-02
  8.1940733E-02
  9.3914375E-02
  0.1070010    
  0.1212502    
  0.1367114    
  0.1534342    
  0.1714678    
  0.1908618    
  0.2116656    
  0.2339289    
  0.2577009    
  0.2830313    
  0.3099695    
  0.3385648    
  0.3688666    
  0.4009248    
  0.4347886    
  0.4705076    
  0.5081311    
  0.5477086    
  0.5892894    
  0.6329234    
  0.6786599    
  0.7265483    
  0.7766380    
  0.8289787    
  0.8836192    
  0.9406100    
   1.000000    
