         100
  -1.000000    
 -0.9797980    
 -0.9595960    
 -0.9393939    
 -0.9191919    
 -0.8989899    
 -0.8787879    
 -0.8585858    
 -0.8383839    
 -0.8181818    
 -0.7979798    
 -0.7777778    
 -0.7575758    
 -0.7373737    
 -0.7171717    
 -0.6969697    
 -0.6767677    
 -0.6565657    
 -0.6363636    
 -0.6161616    
 -0.5959596    
 -0.5757576    
 -0.5555556    
 -0.5353535    
 -0.5151515    
 -0.4949495    
 -0.4747475    
 -0.4545454    
 -0.4343435    
 -0.4141414    
 -0.3939394    
 -0.3737374    
 -0.3535354    
 -0.3333333    
 -0.3131313    
 -0.2929293    
 -0.2727273    
 -0.2525253    
 -0.2323232    
 -0.2121212    
 -0.1919192    
 -0.1717172    
 -0.1515151    
 -0.1313131    
 -0.1111111    
 -9.0909064E-02
 -7.0707083E-02
 -5.0505042E-02
 -3.0303001E-02
 -1.0101020E-02
  1.0100961E-02
  3.0303001E-02
  5.0505042E-02
  7.0707083E-02
  9.0909123E-02
  0.1111112    
  0.1313131    
  0.1515151    
  0.1717172    
  0.1919192    
  0.2121212    
  0.2323233    
  0.2525252    
  0.2727273    
  0.2929293    
  0.3131313    
  0.3333334    
  0.3535353    
  0.3737373    
  0.3939394    
  0.4141414    
  0.4343435    
  0.4545455    
  0.4747474    
  0.4949495    
  0.5151515    
  0.5353535    
  0.5555556    
  0.5757576    
  0.5959595    
  0.6161616    
  0.6363636    
  0.6565657    
  0.6767677    
  0.6969697    
  0.7171717    
  0.7373737    
  0.7575758    
  0.7777778    
  0.7979798    
  0.8181819    
  0.8383838    
  0.8585858    
  0.8787879    
  0.8989899    
  0.9191920    
  0.9393940    
  0.9595959    
  0.9797980    
   1.000000    
   1.000000    
  0.9600040    
  0.9208245    
  0.8824610    
  0.8449137    
  0.8081829    
  0.7722681    
  0.7371696    
  0.7028875    
  0.6694215    
  0.6367718    
  0.6049383    
  0.5739210    
  0.5437200    
  0.5143353    
  0.4857667    
  0.4580145    
  0.4310785    
  0.4049587    
  0.3796551    
  0.3551678    
  0.3314968    
  0.3086420    
  0.2866034    
  0.2653811    
  0.2449750    
  0.2253852    
  0.2066116    
  0.1886542    
  0.1715131    
  0.1551882    
  0.1396796    
  0.1249872    
  0.1111111    
  9.8051228E-02
  8.5807569E-02
  7.4380152E-02
  6.3769013E-02
  5.3974085E-02
  4.4995397E-02
  3.6832981E-02
  2.9486785E-02
  2.2956833E-02
  1.7243141E-02
  1.2345677E-02
  8.2644578E-03
  4.9994914E-03
  2.5507594E-03
  9.1827189E-04
  1.0203062E-04
  1.0202941E-04
  9.1827189E-04
  2.5507594E-03
  4.9994914E-03
  8.2644690E-03
  1.2345691E-02
  1.7243126E-02
  2.2956833E-02
  2.9486785E-02
  3.6832981E-02
  4.4995423E-02
  5.3974111E-02
  6.3768983E-02
  7.4380152E-02
  8.5807569E-02
  9.8051228E-02
  0.1111111    
  0.1249872    
  0.1396796    
  0.1551882    
  0.1715131    
  0.1886542    
  0.2066116    
  0.2253851    
  0.2449750    
  0.2653811    
  0.2866034    
  0.3086420    
  0.3314968    
  0.3551678    
  0.3796551    
  0.4049587    
  0.4310785    
  0.4580145    
  0.4857668    
  0.5143352    
  0.5437200    
  0.5739210    
  0.6049383    
  0.6367718    
  0.6694216    
  0.7028874    
  0.7371696    
  0.7722681    
  0.8081829    
  0.8449138    
  0.8824611    
  0.9208243    
  0.9600040    
   1.000000    
